----------------------------------------------------------------------
-- ANIMATION REGISTRY (PUT YOUR ANIMATION TABLES HERE)
----------------------------------------------------------------------
local backshot = {
	length = 1.000000,
	frames = {
		{ t = 0.000000, offsets = {
			["Left Leg"]  = CFrame.new(-0.872174,-2.110733,-0.000134,0.939693,0.342020,0.000000,-0.342020,0.939693,-0.000122,-0.000042,0.000115,1.000000),
			["Right Arm"] = CFrame.new(1.683390,-0.999969,-0.503516,0.984812,-0.173621,0.000000,0.000021,0.000120,1.000000,-0.173621,-0.984812,0.000122),
			["Head"]      = CFrame.new(0.000000,-0.507376,-2.086789,1.000000,0.000000,0.000000,0.000000,0.984820,0.173580,0.000000,-0.173580,0.984820),
			["Torso"]     = CFrame.new(0.000000,-0.999908,-1.000000,1.000000,0.000000,0.000000,0.000000,0.000122,1.000000,0.000000,-1.000000,0.000122),
			["Right Leg"] = CFrame.new(0.872173,-2.110734,0.000002,0.939693,-0.342020,0.000000,0.342020,0.939693,0.000000,0.000000,0.000000,1.000000),
			["Left Arm"]  = CFrame.new(-1.683390,-0.999969,-0.503516,0.984812,0.173621,0.000000,-0.000021,0.000120,1.000000,0.173621,-0.984812,0.000122),
		} },
		{ t = 0.500000, offsets = {
			["Left Leg"]  = CFrame.new(-0.851544,-2.054086,-0.058105,0.939692,0.321394,0.116978,-0.342020,0.883064,0.321279,-0.000042,-0.341913,0.939732),
			["Right Arm"] = CFrame.new(1.603782,-0.999999,-0.508869,1.000000,0.000488,-0.000000,-0.000000,0.000122,1.000000,0.000488,-1.000000,0.000122),
			["Head"]      = CFrame.new(0.000000,-0.507358,-2.486789,1.000000,0.000000,0.000000,0.000000,0.984820,0.173580,0.000000,-0.173580,0.984820),
			["Torso"]     = CFrame.new(0.000000,-0.999890,-1.400000,1.000000,0.000000,0.000000,0.000000,0.000122,1.000000,0.000000,-1.000000,0.000122),
			["Right Leg"] = CFrame.new(0.851548,-2.054045,-0.057978,0.939692,-0.321394,-0.116978,0.342020,0.883022,0.321394,-0.000000,-0.342020,0.939693),
			["Left Arm"]  = CFrame.new(-1.590837,-0.999998,-0.516509,1.000000,-0.000488,0.000000,0.000000,0.000122,1.000000,-0.000488,-1.000000,0.000122),
		} },
		{ t = 1.000000, offsets = {
			["Left Leg"]  = CFrame.new(-0.872174,-2.110733,-0.000134,0.939693,0.342020,0.000000,-0.342020,0.939693,-0.000122,-0.000042,0.000115,1.000000),
			["Right Arm"] = CFrame.new(1.683390,-0.999969,-0.503516,0.984812,-0.173621,0.000000,0.000021,0.000120,1.000000,-0.173621,-0.984812,0.000122),
			["Head"]      = CFrame.new(0.000000,-0.507376,-2.086789,1.000000,0.000000,0.000000,0.000000,0.984820,0.173580,0.000000,-0.173580,0.984820),
			["Torso"]     = CFrame.new(0.000000,-0.999908,-1.000000,1.000000,0.000000,0.000000,0.000000,0.000122,1.000000,0.000000,-1.000000,0.000122),
			["Right Leg"] = CFrame.new(0.872173,-2.110734,0.000002,0.939693,-0.342020,0.000000,0.342020,0.939693,0.000000,0.000000,0.000000,1.000000),
			["Left Arm"]  = CFrame.new(-1.683390,-0.999969,-0.503516,0.984812,0.173621,0.000000,-0.000021,0.000120,1.000000,0.173621,-0.984812,0.000122),
		} },
	},
}


local BlowJob = {
	length = 1.000000,
	frames = {
		{ t = 0.000000, offsets = {
			["Left Leg"] = CFrame.new(0.840785,-2.899408,-1.236435,-0.852748,-0.517620,-0.069930,-0.152262,0.118278,0.981237,-0.499637,0.847396,-0.179675),
			["Right Arm"] = CFrame.new(-0.739868,-1.471992,-0.273934,-0.702140,-0.588454,-0.400901,0.678321,-0.724003,-0.125303,-0.216518,-0.359919,0.907512),
			["Head"] = CFrame.new(-0.000067,-0.442687,-1.020497,-1.000000,-0.000045,0.000343,0.000027,0.978171,0.207800,-0.000345,0.207800,-0.978171),
			["Torso"] = CFrame.new(0.000000,-1.909082,-1.329670,-1.000000,-0.000027,0.000345,0.000027,0.987699,0.156364,-0.000345,0.156364,-0.987699),
			["Right Leg"] = CFrame.new(-0.961577,-2.749780,-1.498970,-0.844833,0.533665,0.038175,0.148605,0.165510,0.974948,0.513978,0.829342,-0.219134),
			["Left Arm"] = CFrame.new(0.859848,-1.438453,-0.154928,-0.787250,0.613774,-0.059325,-0.507352,-0.699407,-0.503413,-0.350474,-0.366213,0.862007),
		} },
		{ t = 0.266667, offsets = {
			["Left Leg"] = CFrame.new(0.872901,-2.867217,-1.202016,-0.844530,-0.525757,-0.101726,-0.196402,0.127373,0.972215,-0.498192,0.841044,-0.210830),
			["Right Arm"] = CFrame.new(-0.809208,-1.423538,-0.458400,-0.682292,-0.611105,-0.401285,0.698283,-0.707296,-0.110148,-0.216515,-0.355364,0.909306),
			["Head"] = CFrame.new(-0.051262,-0.431399,-0.967286,-0.999427,-0.033828,-0.001428,-0.033547,0.983658,0.176896,-0.004580,0.176843,-0.984229),
			["Torso"] = CFrame.new(0.000000,-1.909082,-1.330000,-0.999427,-0.033856,0.000343,-0.033547,0.991562,0.125215,-0.004580,0.125131,-0.992130),
			["Right Leg"] = CFrame.new(-0.932041,-2.786479,-1.476770,-0.852033,0.523444,0.006736,0.136222,0.209273,0.968323,0.505453,0.825961,-0.249612),
			["Left Arm"] = CFrame.new(1.003144,-1.203480,-0.213063,-0.576509,0.815736,-0.047029,-0.704165,-0.525205,-0.477820,-0.414474,-0.242352,0.877198),
		} },
		{ t = 0.500000, offsets = {
			["Left Leg"] = CFrame.new(0.833033,-2.805583,-1.186291,-0.855927,-0.511479,-0.076015,-0.152534,0.109278,0.982238,-0.494088,0.852318,-0.171552),
			["Right Arm"] = CFrame.new(-0.977787,-1.300400,-0.453737,-0.422491,-0.739275,-0.524380,0.905361,-0.371473,-0.205740,-0.042695,-0.561677,0.826255),
			["Head"] = CFrame.new(-0.000009,-0.396858,-1.172657,-1.000000,-0.000018,0.000348,0.000030,0.990284,0.139061,-0.000348,0.139061,-0.990284),
			["Torso"] = CFrame.new(0.000000,-1.909082,-1.330000,-1.000000,0.000000,0.000349,0.000030,0.996201,0.087085,-0.000348,0.087085,-0.996201),
			["Right Leg"] = CFrame.new(-0.972035,-2.662637,-1.433513,-0.841452,0.539394,0.031805,0.140583,0.161714,0.976773,0.521722,0.826379,-0.211904),
			["Left Arm"] = CFrame.new(0.895363,-1.390950,-0.237424,-0.812922,0.579179,-0.060910,-0.509694,-0.758165,-0.406692,-0.281727,-0.299563,0.911533),
		} },
		{ t = 0.766667, offsets = {
			["Left Leg"] = CFrame.new(0.832693,-2.924982,-1.308161,-0.846216,-0.528632,-0.066840,-0.114988,0.058687,0.991632,-0.520285,0.846820,-0.110448),
			["Right Arm"] = CFrame.new(-1.010234,-1.551368,-0.225605,-0.645142,-0.603899,-0.468078,0.733558,-0.660922,-0.158347,-0.213738,-0.445519,0.869384),
			["Head"] = CFrame.new(-0.003052,-0.483923,-0.794603,-0.999848,-0.000913,0.017429,0.004221,0.956339,0.292228,-0.016934,0.292257,-0.956190),
			["Torso"] = CFrame.new(0.000000,-1.909082,-1.330000,-0.999848,0.000000,0.017452,0.004221,0.970313,0.241817,-0.016934,0.241854,-0.970165),
			["Right Leg"] = CFrame.new(-0.965794,-2.754452,-1.582940,-0.851477,0.522735,0.041671,0.113052,0.105390,0.987984,0.512062,0.845956,-0.148834),
			["Left Arm"] = CFrame.new(0.791068,-1.579806,-0.338521,-0.812459,0.576643,0.085989,-0.514502,-0.639764,-0.570956,-0.274224,-0.508120,0.816465),
		} },
		{ t = 1.000000, offsets = {
			["Left Leg"] = CFrame.new(0.840785,-2.899408,-1.236435,-0.852748,-0.517620,-0.069930,-0.152262,0.118278,0.981237,-0.499637,0.847396,-0.179675),
			["Right Arm"] = CFrame.new(-0.739868,-1.471992,-0.273934,-0.702140,-0.588454,-0.400901,0.678321,-0.724003,-0.125303,-0.216518,-0.359919,0.907512),
			["Head"] = CFrame.new(-0.000067,-0.442687,-1.020497,-1.000000,-0.000045,0.000343,0.000027,0.978171,0.207800,-0.000345,0.207800,-0.978171),
			["Torso"] = CFrame.new(0.000000,-1.909082,-1.329670,-1.000000,-0.000027,0.000345,0.000027,0.987699,0.156364,-0.000345,0.156364,-0.987699),
			["Right Leg"] = CFrame.new(-0.961577,-2.749780,-1.498970,-0.844833,0.533665,0.038175,0.148605,0.165510,0.974948,0.513978,0.829342,-0.219134),
			["Left Arm"] = CFrame.new(0.859848,-1.438453,-0.154928,-0.787250,0.613774,-0.059325,-0.507352,-0.699407,-0.503413,-0.350474,-0.366213,0.862007),
		} },
	},
}
local orangeJustice = {
	length = 6.500000,
	frames = {
		{ t = 0.000000, offsets = {
			["Left Leg"] = CFrame.new(-0.540707,-1.975642,-0.154443,0.979333,0.036994,0.198844,-0.045272,0.998280,0.037246,-0.197124,-0.045478,0.979323),
			["Right Arm"] = CFrame.new(1.584617,0.505940,-0.291151,0.947843,-0.234730,0.215627,0.278589,0.281421,-0.918254,0.154860,0.930432,0.332137),
			["Head"] = CFrame.new(0.000000,1.500000,0.000000,0.995058,0.000000,-0.099296,0.000000,1.000000,0.000000,0.099296,0.000000,0.995058),
			["Torso"] = CFrame.new(0.000000,0.000000,0.000000,0.995058,0.000000,-0.099296,0.000000,1.000000,0.000000,0.099296,0.000000,0.995058),
			["Right Leg"] = CFrame.new(0.505000,-1.997713,-0.027814,0.979129,0.008978,-0.203042,-0.005667,0.999841,0.016881,0.203161,-0.015378,0.979025),
			["Left Arm"] = CFrame.new(-1.410315,0.491274,-0.644652,0.987176,-0.041148,-0.154243,-0.159455,-0.300260,-0.940435,-0.007616,0.952969,-0.302971),
		} },
		{ t = 0.100000, offsets = {
			["Left Leg"] = CFrame.new(-0.527448,-1.967804,-0.012305,0.964739,-0.001963,0.263202,-0.005709,0.999581,0.028380,-0.263148,-0.028882,0.964323),
			["Right Arm"] = CFrame.new(0.894300,0.271495,-0.810172,0.603987,0.677874,0.419150,0.089879,0.464625,-0.880934,-0.791910,0.569746,0.219701),
			["Head"] = CFrame.new(-0.015243,1.483458,0.046553,0.988770,0.010010,0.149108,-0.005673,0.999549,-0.029485,-0.149336,0.028308,0.988381),
			["Torso"] = CFrame.new(-0.030258,-0.015866,0.004091,0.988770,0.010010,0.149108,-0.005673,0.999549,-0.029485,-0.149336,0.028308,0.988381),
			["Right Leg"] = CFrame.new(0.488165,-1.975038,-0.123511,0.998835,-0.030012,-0.037780,0.029630,0.999505,-0.010621,0.038080,0.009489,0.999229),
			["Left Arm"] = CFrame.new(-1.293854,0.417251,-0.534993,0.894833,-0.263848,-0.360081,-0.363987,0.035729,-0.930718,0.258433,0.963902,-0.064065),
		} },
		{ t = 0.200000, offsets = {
			["Left Leg"] = CFrame.new(-0.626365,-1.992985,-0.031255,0.993852,-0.026016,0.107613,0.020699,0.998523,0.050233,-0.108761,-0.047697,0.992923),
			["Right Arm"] = CFrame.new(0.060847,0.187979,-0.793324,0.108500,0.930153,0.350775,0.035603,0.348996,-0.936447,-0.993459,0.114093,0.004750),
			["Head"] = CFrame.new(0.004915,1.484828,0.139352,0.966302,0.061352,0.249991,-0.038840,0.994813,-0.094014,-0.254462,0.081136,0.963673),
			["Torso"] = CFrame.new(-0.087113,-0.007392,0.017648,0.966302,0.061352,0.249991,-0.038840,0.994813,-0.094014,-0.254462,0.081136,0.963673),
			["Right Leg"] = CFrame.new(0.476599,-2.019038,-0.240022,0.903855,-0.243071,0.352083,0.244788,0.968735,0.040384,-0.350891,0.049685,0.935097),
			["Left Arm"] = CFrame.new(-0.589325,0.063817,-0.472508,0.021521,-0.725167,-0.688236,-0.434554,0.613182,-0.659674,0.900388,0.313273,-0.301928),
		} },
		{ t = 0.300000, offsets = {
			["Left Leg"] = CFrame.new(-0.652917,-1.999028,-0.115708,0.998294,-0.036053,0.045926,0.035706,0.999328,0.008350,-0.046196,-0.006696,0.998910),
			["Right Arm"] = CFrame.new(0.025937,0.174822,-0.800731,0.161156,0.927048,0.338543,0.055955,0.333892,-0.940949,-0.985341,0.170583,0.001936),
			["Head"] = CFrame.new(0.024419,1.496901,0.128628,0.979876,0.074173,0.185311,-0.058799,0.994460,-0.087132,-0.190748,0.074482,0.978809),
			["Torso"] = CFrame.new(-0.086840,0.005211,0.016905,0.979876,0.074173,0.185311,-0.058799,0.994460,-0.087132,-0.190748,0.074482,0.978809),
			["Right Leg"] = CFrame.new(0.457167,-1.998691,-0.188166,0.894110,-0.253827,0.368970,0.250547,0.966385,0.057669,-0.371205,0.040882,0.927650),
			["Left Arm"] = CFrame.new(-0.526668,0.067414,-0.509724,-0.058177,-0.732580,-0.678190,-0.437085,0.629459,-0.642447,0.897537,0.259051,-0.356820),
		} },
		{ t = 0.400000, offsets = {
			["Left Leg"] = CFrame.new(-0.658805,-2.017112,-0.081161,0.999620,0.027387,0.003175,-0.027333,0.999500,-0.015899,-0.003609,0.015807,0.999869),
			["Right Arm"] = CFrame.new(0.992045,0.114936,-1.055322,0.864997,0.452566,0.216713,0.032171,0.380984,-0.924022,-0.500745,0.806248,0.314990),
			["Head"] = CFrame.new(0.158175,1.497365,0.001371,0.983179,0.105051,0.149412,-0.103721,0.994466,-0.016688,-0.150338,0.000910,0.988634),
			["Torso"] = CFrame.new(0.000598,0.005665,0.000005,0.983179,0.105051,0.149412,-0.103721,0.994466,-0.016688,-0.150338,0.000910,0.988634),
			["Right Leg"] = CFrame.new(0.465883,-1.952406,-0.131419,0.982213,-0.084696,0.167586,0.068556,0.992636,0.099863,-0.174809,-0.086598,0.980787),
			["Left Arm"] = CFrame.new(-0.892807,0.331144,-0.707024,0.712422,-0.668305,-0.214064,-0.432907,-0.178461,-0.883596,0.552310,0.722163,-0.416454),
		} },
		{ t = 0.500000, offsets = {
			["Left Leg"] = CFrame.new(-0.607317,-2.037903,-0.080372,0.996126,0.001836,-0.087921,-0.002854,0.999931,-0.011446,0.087894,0.011653,0.996062),
			["Right Arm"] = CFrame.new(1.517513,-0.183095,-0.601665,0.831902,-0.213127,0.512363,0.436412,0.821569,-0.366836,-0.342759,0.528773,0.776476),
			["Head"] = CFrame.new(0.138941,1.441257,-0.229740,0.993678,0.094772,0.060190,-0.102937,0.983087,0.151469,-0.044817,-0.156707,0.986628),
			["Torso"] = CFrame.new(-0.003217,-0.033375,0.005320,0.993678,0.094772,0.060190,-0.102937,0.983087,0.151469,-0.044817,-0.156707,0.986628),
			["Right Leg"] = CFrame.new(0.461999,-1.988223,-0.098712,0.997080,-0.017352,-0.074363,0.017166,0.999848,-0.003150,0.074407,0.001864,0.997226),
			["Left Arm"] = CFrame.new(-1.304846,0.454047,-0.735076,0.859193,-0.436849,-0.266364,-0.274016,0.046773,-0.960587,0.432090,0.898318,-0.079517),
		} },
		{ t = 0.600000, offsets = {
			["Left Leg"] = CFrame.new(-0.455706,-1.907130,-0.462283,0.792560,0.278946,-0.542253,-0.303307,0.951768,0.046294,0.529013,0.127778,0.838939),
			["Right Arm"] = CFrame.new(1.473842,0.284438,0.662515,0.653707,-0.572775,-0.494567,0.657655,0.753313,-0.003165,0.374377,-0.323185,0.869134),
			["Head"] = CFrame.new(-0.041605,1.493141,-0.056863,0.921366,-0.050814,-0.385360,0.065218,0.997573,0.024391,0.383186,-0.047606,0.922444),
			["Torso"] = CFrame.new(0.034615,-0.003218,0.014546,0.921366,-0.050814,-0.385360,0.065218,0.997573,0.024391,0.383186,-0.047606,0.922444),
			["Right Leg"] = CFrame.new(0.707841,-1.968176,-0.138941,0.990971,0.009928,-0.133709,-0.005851,0.999507,0.030855,0.133949,-0.029794,0.990540),
			["Left Arm"] = CFrame.new(-1.432525,0.022052,-0.696204,0.860736,0.348592,-0.370967,-0.467335,0.830039,-0.304358,0.201820,0.435338,0.877354),
		} },
		{ t = 0.699000, offsets = {
			["Left Leg"] = CFrame.new(-0.483168,-1.920915,-0.515779,0.789656,0.275116,-0.548411,-0.331566,0.943423,-0.004142,0.516244,0.185105,0.836199),
			["Right Arm"] = CFrame.new(1.540008,0.181248,0.187137,0.754641,-0.386037,0.530558,0.515868,0.848752,-0.116191,-0.405458,0.361381,0.839648),
			["Head"] = CFrame.new(-0.089065,1.497205,0.058885,0.911018,-0.092769,-0.401797,0.074968,0.995389,-0.059841,0.405495,0.024394,0.913772),
			["Torso"] = CFrame.new(0.050088,0.004122,0.022294,0.911018,-0.092769,-0.401797,0.074968,0.995389,-0.059841,0.405495,0.024394,0.913772),
			["Right Leg"] = CFrame.new(0.711836,-1.977149,-0.115626,0.988397,0.001192,-0.151888,-0.004093,0.999815,-0.018790,0.151837,0.019194,0.988219),
			["Left Arm"] = CFrame.new(-1.290943,0.049263,-0.838241,0.494151,0.003058,-0.869370,-0.500724,0.818476,-0.281733,0.710697,0.574533,0.405982),
		} },
		{ t = 0.800000, offsets = {
			["Left Leg"] = CFrame.new(-0.480478,-1.941081,-0.391975,0.944223,0.210463,-0.253276,-0.204926,0.977582,0.048364,0.257777,0.006237,0.966184),
			["Right Arm"] = CFrame.new(1.294052,0.618167,-0.083309,0.858665,0.323511,0.397537,0.462836,-0.156232,-0.872568,-0.220177,0.933238,-0.283883),
			["Head"] = CFrame.new(0.000655,1.503387,0.019720,0.944664,-0.029530,-0.326707,0.031708,0.999496,0.001340,0.326503,-0.011625,0.945125),
			["Torso"] = CFrame.new(0.044950,0.004143,0.037157,0.944664,-0.029530,-0.326707,0.031708,0.999496,0.001340,0.326503,-0.011625,0.945125),
			["Right Leg"] = CFrame.new(0.570768,-2.019454,-0.067439,0.995549,0.063758,-0.069402,-0.061868,0.997662,0.029050,0.071092,-0.024627,0.997166),
			["Left Arm"] = CFrame.new(-0.769551,0.417364,-0.766751,0.350914,-0.936017,-0.027050,-0.221998,-0.055095,-0.973489,0.909712,0.347616,-0.227127),
		} },
		{ t = 0.899000, offsets = {
			["Left Leg"] = CFrame.new(-0.484722,-2.043385,-0.168799,0.994160,-0.075007,-0.077585,0.073652,0.997080,-0.020195,0.078873,0.014363,0.996781),
			["Right Arm"] = CFrame.new(1.521829,0.692032,0.069839,0.996467,0.075212,0.037365,0.081985,-0.967633,-0.238673,0.018205,0.240894,-0.970381),
			["Head"] = CFrame.new(0.156201,1.454388,-0.131017,0.995912,0.075981,-0.048839,-0.069743,0.990472,0.118749,0.057397,-0.114858,0.991722),
			["Torso"] = CFrame.new(0.042230,-0.031320,0.041270,0.995912,0.075981,-0.048839,-0.069743,0.990472,0.118749,0.057397,-0.114858,0.991722),
			["Right Leg"] = CFrame.new(0.629357,-2.031598,0.014903,0.998911,-0.011035,0.045336,0.012167,0.999620,-0.024757,-0.045046,0.025282,0.998665),
			["Left Arm"] = CFrame.new(-1.076491,0.855505,-0.380677,0.390416,-0.376321,0.840212,-0.012618,-0.914743,-0.403839,0.920552,0.147064,-0.361879),
		} },
		{ t = 1.000000, offsets = {
			["Left Leg"] = CFrame.new(-0.604531,-1.971336,-0.141314,0.992214,-0.121120,0.028989,0.120448,0.992431,0.023942,-0.031669,-0.020264,0.999293),
			["Right Arm"] = CFrame.new(1.588939,-0.038352,-0.759386,-0.191484,-0.670353,-0.716911,-0.942150,0.330278,-0.057185,0.275114,0.664488,-0.694816),
			["Head"] = CFrame.new(0.265913,1.447591,0.159057,0.946734,0.211506,0.242818,-0.187455,0.975102,-0.118480,-0.261831,0.066652,0.962809),
			["Torso"] = CFrame.new(-0.051345,-0.015061,0.059079,0.946734,0.211506,0.242818,-0.187455,0.975102,-0.118480,-0.261831,0.066652,0.962809),
			["Right Leg"] = CFrame.new(0.692668,-2.059541,-0.291343,0.773712,-0.196965,0.602142,0.303255,0.949626,-0.079033,-0.556243,0.243751,0.794468),
			["Left Arm"] = CFrame.new(-1.811376,0.485148,0.250323,-0.127651,0.984163,0.122996,0.975746,0.146848,-0.162341,-0.177831,0.099290,-0.979039),
		} },
		{ t = 1.100000, offsets = {
			["Left Leg"] = CFrame.new(-0.606625,-1.945358,-0.150326,0.991678,-0.128742,-0.000133,0.128742,0.991671,0.003762,-0.000353,-0.003748,0.999993),
			["Right Arm"] = CFrame.new(1.540146,0.013691,-0.875487,-0.032876,-0.606460,-0.794434,-0.938239,0.292643,-0.184573,0.344422,0.739301,-0.578625),
			["Head"] = CFrame.new(0.275973,1.458672,0.204488,0.918696,0.215866,0.330756,-0.168741,0.971673,-0.165465,-0.357105,0.096200,0.929097),
			["Torso"] = CFrame.new(-0.047826,0.001163,0.060188,0.918696,0.215866,0.330756,-0.168741,0.971673,-0.165465,-0.357105,0.096200,0.929097),
			["Right Leg"] = CFrame.new(0.748718,-2.003313,-0.364050,0.715008,-0.212115,0.666162,0.343482,0.936512,-0.070470,-0.608920,0.279201,0.742471),
			["Left Arm"] = CFrame.new(-1.866123,0.562181,0.217790,0.162542,0.856366,0.490119,0.953048,-0.007638,-0.302721,-0.255497,0.516312,-0.817400),
		} },
		{ t = 1.149000, offsets = {
			["Left Leg"] = CFrame.new(-0.109732,-2.032258,-0.058333,0.889453,-0.284272,-0.357859,0.339130,0.935428,0.099826,0.306374,-0.210151,0.928424),
			["Right Arm"] = CFrame.new(1.608537,0.328767,-0.509109,0.669000,-0.482091,-0.565709,-0.564060,0.166343,-0.808805,0.484020,0.860185,-0.160645),
			["Head"] = CFrame.new(0.000000,1.500000,0.000000,1.000000,0.000000,0.000000,0.000000,1.000000,0.000000,0.000000,0.000000,1.000000),
			["Torso"] = CFrame.new(0.000000,0.000000,0.000000,1.000000,0.000000,0.000000,0.000000,1.000000,0.000000,0.000000,0.000000,1.000000),
			["Right Leg"] = CFrame.new(1.221517,-1.816560,0.200975,0.816364,-0.452602,0.358751,0.429520,0.891054,0.146754,-0.386087,0.034286,0.921825),
			["Left Arm"] = CFrame.new(-1.821409,0.167779,-0.547814,0.079747,0.603651,0.793249,0.936559,0.227108,-0.266980,-0.341316,0.764216,-0.547244),
		} },
		{ t = 1.200000, offsets = {
			["Left Leg"] = CFrame.new(-0.675846,-1.976582,-0.240850,0.999927,0.011584,-0.003559,-0.011596,0.999927,-0.003507,0.003518,0.003548,0.999988),
			["Right Arm"] = CFrame.new(1.431496,0.327162,-0.478507,0.968362,0.196279,-0.154112,-0.202950,0.260058,-0.944024,-0.145214,0.945434,0.291665),
			["Head"] = CFrame.new(0.131578,1.477526,0.021837,0.992579,0.120590,0.015665,-0.120944,0.992368,0.024062,-0.012643,-0.025778,0.999588),
			["Torso"] = CFrame.new(-0.049307,-0.011025,0.060505,0.992579,0.120590,0.015665,-0.120944,0.992368,0.024062,-0.012643,-0.025778,0.999588),
			["Right Leg"] = CFrame.new(0.607985,-2.024234,-0.180789,0.999800,-0.007465,0.018535,0.007677,0.999906,-0.011380,-0.018448,0.011520,0.999763),
			["Left Arm"] = CFrame.new(-1.254097,0.198805,-0.209192,0.853909,-0.310449,0.417683,0.482889,0.173383,-0.858345,0.194053,0.934644,0.297966),
		} },
		{ t = 1.299000, offsets = {
			["Left Leg"] = CFrame.new(-0.692727,-2.000170,-0.131197,0.962794,0.078433,-0.258606,-0.058895,0.994853,0.082464,0.263742,-0.064165,0.962457),
			["Right Arm"] = CFrame.new(1.138393,0.293146,-0.593264,0.839359,0.503629,0.204536,-0.114121,0.531159,-0.839551,-0.531464,0.681343,0.503308),
			["Head"] = CFrame.new(0.031519,1.452297,-0.259190,0.994582,0.053324,-0.089243,-0.032659,0.975237,0.218739,0.098697,-0.214639,0.971694),
			["Torso"] = CFrame.new(-0.048467,-0.010558,0.062768,0.994582,0.053324,-0.089243,-0.032659,0.975237,0.218739,0.098697,-0.214639,0.971694),
			["Right Leg"] = CFrame.new(0.642785,-1.968096,-0.046272,0.994818,0.029826,0.097194,-0.023143,0.997336,-0.069176,-0.098998,0.066568,0.992859),
			["Left Arm"] = CFrame.new(-0.749163,0.148400,-0.850352,0.693124,-0.627966,-0.353888,-0.100866,0.401626,-0.910232,0.713726,0.666599,0.215037),
		} },
		{ t = 1.350000, offsets = {
			["Left Leg"] = CFrame.new(-0.646039,-2.058934,-0.306429,0.907171,0.207778,-0.365881,-0.259951,0.960528,-0.099057,0.330857,0.184972,0.925375),
			["Right Arm"] = CFrame.new(1.568643,0.326337,-0.293413,0.951892,-0.085765,0.294187,0.270497,0.686286,-0.675161,-0.143991,0.722257,0.676470),
			["Head"] = CFrame.new(0.000000,1.500000,0.000000,1.000000,0.000000,0.000000,0.000000,1.000000,0.000000,0.000000,0.000000,1.000000),
			["Torso"] = CFrame.new(0.000000,0.000000,0.000000,1.000000,0.000000,0.000000,0.000000,1.000000,0.000000,0.000000,0.000000,1.000000),
			["Right Leg"] = CFrame.new(0.740676,-1.848798,-0.595832,0.980413,0.003662,0.196919,0.051726,0.959941,-0.275386,-0.190039,0.280178,0.940949),
			["Left Arm"] = CFrame.new(-1.360037,0.266785,-0.343739,0.970229,-0.033110,-0.239914,-0.123459,0.784622,-0.607558,0.208358,0.619090,0.757175),
		} },
		{ t = 1.399000, offsets = {
			["Left Leg"] = CFrame.new(-0.586935,-2.059140,-0.104574,0.738015,0.239475,-0.630861,-0.231450,0.968029,0.096702,0.633850,0.074645,0.769846),
			["Right Arm"] = CFrame.new(1.441732,0.347481,0.512115,0.763916,-0.424928,-0.485663,0.382876,0.904270,-0.188947,0.519460,-0.041609,0.853481),
			["Head"] = CFrame.new(-0.107385,1.486547,-0.140032,0.942791,-0.039706,-0.331010,0.081381,0.990256,0.113007,0.323298,-0.133480,0.936836),
			["Torso"] = CFrame.new(-0.047826,0.001163,0.060188,0.942791,-0.039706,-0.331010,0.081381,0.990256,0.113007,0.323298,-0.133480,0.936836),
			["Right Leg"] = CFrame.new(0.699061,-1.992130,0.036213,0.997339,0.001486,-0.072894,-0.002743,0.999850,-0.017147,0.072858,0.017301,0.997192),
			["Left Arm"] = CFrame.new(-1.544012,0.065182,-0.271600,0.946783,0.297416,-0.123069,-0.280462,0.949900,0.137956,0.157934,-0.096098,0.982762),
		} },
		{ t = 1.450000, offsets = {
			["Left Leg"] = CFrame.new(-0.729205,-1.996829,-0.208734,0.881881,0.328687,-0.338011,-0.343105,0.939124,0.018049,0.323367,0.100056,0.940969),
			["Right Arm"] = CFrame.new(1.578633,0.223475,-0.030541,0.919313,-0.340480,-0.197327,0.279476,0.917885,-0.281746,0.277052,0.203864,0.938979),
			["Head"] = CFrame.new(0.000000,1.500000,0.000000,1.000000,0.000000,0.000000,0.000000,1.000000,0.000000,0.000000,0.000000,1.000000),
			["Torso"] = CFrame.new(0.000000,0.000000,0.000000,1.000000,0.000000,0.000000,0.000000,1.000000,0.000000,0.000000,0.000000,1.000000),
			["Right Leg"] = CFrame.new(0.534190,-2.000326,-0.494945,0.963614,0.088364,0.252271,-0.052042,0.987738,-0.147191,-0.262184,0.128706,0.956396),
			["Left Arm"] = CFrame.new(-1.493836,0.322594,0.163682,0.890714,0.412031,0.191984,-0.410647,0.910485,-0.048854,-0.194928,-0.035323,0.980181),
		} },
		{ t = 1.500000, offsets = {
			["Left Leg"] = CFrame.new(-0.597195,-2.007578,-0.281100,0.629985,0.357071,-0.689652,-0.347493,0.923781,0.160863,0.694527,0.138308,0.706048),
			["Right Arm"] = CFrame.new(1.488211,0.436005,0.482989,0.774828,-0.583004,-0.244434,0.391812,0.746314,-0.538050,0.496110,0.321124,0.806693),
			["Head"] = CFrame.new(-0.150077,1.503245,0.114711,0.905144,-0.067871,-0.419652,0.046277,0.997038,-0.061439,0.422579,0.036191,0.905603),
			["Torso"] = CFrame.new(-0.048270,0.007689,0.060425,0.905144,-0.067871,-0.419652,0.046277,0.997038,-0.061439,0.422579,0.036191,0.905603),
			["Right Leg"] = CFrame.new(0.667118,-1.968291,-0.010661,0.998355,0.008380,-0.056720,-0.007648,0.999885,0.013119,0.056824,-0.012664,0.998304),
			["Left Arm"] = CFrame.new(-1.272810,0.299050,-0.899788,0.711640,-0.076777,-0.698337,-0.423359,0.746393,-0.513484,0.560657,0.661062,0.498658),
		} },
		{ t = 1.600000, offsets = {
			["Left Leg"] = CFrame.new(-0.701657,-2.006750,-0.483375,0.973525,0.172746,-0.149698,-0.193103,0.971958,-0.134196,0.122318,0.159550,0.979583),
			["Right Arm"] = CFrame.new(1.547487,0.316424,0.115910,0.889540,-0.447931,-0.089875,0.102093,0.386646,-0.916560,0.445306,0.806140,0.389667),
			["Head"] = CFrame.new(0.007118,1.405620,-0.070974,0.922243,0.038922,-0.384646,0.000026,0.994913,0.100738,0.386610,-0.092915,0.917551),
			["Torso"] = CFrame.new(-0.051265,-0.086750,0.068398,0.922243,0.038922,-0.384646,0.000026,0.994913,0.100738,0.386610,-0.092915,0.917551),
			["Right Leg"] = CFrame.new(0.560482,-1.987232,0.094623,0.994564,-0.003773,-0.104063,0.004433,0.999972,0.006104,0.104038,-0.006532,0.994552),
			["Left Arm"] = CFrame.new(-1.018888,0.460554,-1.009684,0.686531,-0.488467,-0.538586,-0.424118,0.332638,-0.842304,0.590591,0.806692,0.021198),
		} },
		{ t = 1.700000, offsets = {
			["Left Leg"] = CFrame.new(-0.727152,-1.937072,-0.000394,0.996331,0.066278,-0.054158,-0.066090,0.997800,0.005248,0.054387,-0.001649,0.998519),
			["Right Arm"] = CFrame.new(1.270530,1.021472,-0.292536,0.950024,0.263066,0.168082,0.307084,-0.884371,-0.351548,0.056166,0.385594,-0.920958),
			["Head"] = CFrame.new(0.031220,1.396090,-0.345147,0.997968,0.054336,-0.033277,-0.042849,0.958862,0.280620,0.047156,-0.278624,0.959242),
			["Torso"] = CFrame.new(-0.050283,-0.042203,0.072790,0.997968,0.054336,-0.033277,-0.042849,0.958862,0.280620,0.047156,-0.278624,0.959242),
			["Right Leg"] = CFrame.new(0.492175,-2.016137,0.177711,0.994586,-0.049937,-0.091134,0.054712,0.997216,0.050667,0.088351,-0.055379,0.994549),
			["Left Arm"] = CFrame.new(-1.160373,1.062487,-0.442906,0.849722,-0.469201,0.240462,-0.323679,-0.824266,-0.464561,0.416177,0.316916,-0.852268),
		} },
		{ t = 1.799000, offsets = {
			["Left Leg"] = CFrame.new(-0.828252,-1.928611,0.031018,0.996856,0.059839,-0.051931,-0.057702,0.997461,0.041734,0.054297,-0.038606,0.997778),
			["Right Arm"] = CFrame.new(0.826171,1.621064,-0.498996,0.876198,0.469249,-0.109920,0.449368,-0.877865,-0.165592,-0.174199,0.095697,-0.980050),
			["Head"] = CFrame.new(0.144277,1.491304,-0.103106,0.962914,0.127109,0.237992,-0.148798,0.985986,0.075432,-0.225069,-0.108047,0.968334),
			["Torso"] = CFrame.new(-0.046387,0.012325,0.058965,0.962914,0.127109,0.237992,-0.148798,0.985986,0.075432,-0.225069,-0.108047,0.968334),
			["Right Leg"] = CFrame.new(0.615258,-1.977378,-0.138177,0.739778,-0.324794,0.589269,0.408463,0.912723,-0.009716,-0.534683,0.247882,0.807879),
			["Left Arm"] = CFrame.new(-0.805762,1.672549,-0.050261,0.922391,-0.383511,-0.045987,-0.383046,-0.892894,-0.236679,0.049707,0.235926,-0.970499),
		} },
		{ t = 1.899000, offsets = {
			["Left Leg"] = CFrame.new(-0.877658,-1.984716,0.067116,0.998403,0.054384,-0.015310,-0.054234,0.998478,0.010039,0.015833,-0.009193,0.999833),
			["Right Arm"] = CFrame.new(0.546316,1.727530,-0.469004,0.655130,0.725594,-0.210520,0.719437,-0.684216,-0.119410,-0.230685,-0.073227,-0.970270),
			["Head"] = CFrame.new(0.213070,1.505340,-0.068869,0.927859,0.170289,0.331782,-0.188542,0.981787,0.023368,-0.321760,-0.084237,0.943067),
			["Torso"] = CFrame.new(-0.042363,0.032659,0.057486,0.927859,0.170289,0.331782,-0.188542,0.981787,0.023368,-0.321760,-0.084237,0.943067),
			["Right Leg"] = CFrame.new(0.647179,-1.972851,-0.292260,0.664308,-0.391247,0.636883,0.502176,0.864734,0.007419,-0.553637,0.314899,0.770925),
			["Left Arm"] = CFrame.new(-0.508971,1.758602,-0.007237,0.730048,-0.652383,-0.203532,-0.682603,-0.681769,-0.263143,0.032908,0.331039,-0.943043),
		} },
		{ t = 2.000000, offsets = {
			["Left Leg"] = CFrame.new(-0.742475,-1.927999,0.008949,0.998888,0.040072,0.024838,-0.040858,0.998653,0.031987,-0.023522,-0.032966,0.999180),
			["Right Arm"] = CFrame.new(1.434911,1.207973,-0.186560,0.978683,-0.072595,0.192123,0.010027,-0.917443,-0.397740,0.205136,0.391187,-0.897158),
			["Head"] = CFrame.new(0.052509,1.512511,-0.168430,0.997381,0.063248,0.035094,-0.067792,0.986568,0.148621,-0.025222,-0.150611,0.988271),
			["Torso"] = CFrame.new(-0.042363,0.032659,0.057486,0.997381,0.063248,0.035094,-0.067792,0.986568,0.148621,-0.025222,-0.150611,0.988271),
			["Right Leg"] = CFrame.new(0.619963,-1.978931,-0.222732,0.966349,-0.164514,-0.197749,0.175792,0.983583,0.040775,0.187795,-0.074166,0.979404),
			["Left Arm"] = CFrame.new(-1.446175,1.212714,-0.159862,0.998280,0.012120,-0.057361,0.001240,-0.982544,-0.186028,-0.058615,0.185637,-0.980869),
		} },
		{ t = 2.099000, offsets = {
			["Left Leg"] = CFrame.new(-0.775226,-1.951278,0.077131,0.770051,0.239646,-0.591263,-0.195606,0.970820,0.138732,0.607257,0.008824,0.794457),
			["Right Arm"] = CFrame.new(1.501120,0.757619,-0.095770,0.885990,-0.408196,0.219997,0.370311,0.337298,-0.865505,0.279091,0.848296,0.450002),
			["Head"] = CFrame.new(-0.089244,1.524691,-0.082800,0.983994,-0.031268,-0.175438,0.047078,0.995122,0.086693,0.171871,-0.093565,0.980666),
			["Torso"] = CFrame.new(-0.042343,0.032008,0.057548,0.983994,-0.031268,-0.175438,0.047078,0.995122,0.086693,0.171871,-0.093565,0.980666),
			["Right Leg"] = CFrame.new(0.643962,-2.008808,-0.090068,0.999855,0.007951,-0.015072,-0.008470,0.999364,-0.034659,0.014787,0.034781,0.999286),
			["Left Arm"] = CFrame.new(-1.357613,0.335684,-0.804484,0.757901,-0.246154,-0.604148,-0.349428,0.628857,-0.694578,0.550896,0.737527,0.390598),
		} },
		{ t = 2.200000, offsets = {
			["Left Leg"] = CFrame.new(-0.715273,-1.971216,-0.331202,0.448423,0.334973,-0.828680,-0.301502,0.929470,0.212563,0.841436,0.154531,0.517791),
			["Right Arm"] = CFrame.new(1.265479,0.126809,0.132295,0.766730,-0.041365,0.640636,0.315610,0.893284,-0.320051,-0.559031,0.447585,0.697964),
			["Head"] = CFrame.new(-0.190653,1.519584,0.114055,0.829592,-0.099166,-0.549494,0.061622,0.994352,-0.086416,0.554960,0.037829,0.831017),
			["Torso"] = CFrame.new(-0.041904,0.028057,0.057311,0.829592,-0.099166,-0.549494,0.061622,0.994352,-0.086416,0.554960,0.037829,0.831017),
			["Right Leg"] = CFrame.new(0.629296,-1.963354,0.181221,0.994729,0.079960,-0.064186,-0.077581,0.996233,0.038750,0.067043,-0.033566,0.997186),
			["Left Arm"] = CFrame.new(-1.307401,0.116273,-0.844192,0.173382,0.103612,-0.979389,-0.283030,0.957743,0.051216,0.943309,0.268317,0.195381),
		} },
		{ t = 2.299000, offsets = {
			["Left Leg"] = CFrame.new(-0.706029,-2.025966,-0.264379,0.492554,0.298124,-0.817627,-0.281646,0.943542,0.174366,0.823448,0.144397,0.548711),
			["Right Arm"] = CFrame.new(1.055917,0.568722,-0.171118,0.871553,0.458532,0.173621,0.211433,-0.031993,-0.976869,-0.442371,0.888102,-0.124833),
			["Head"] = CFrame.new(-0.159471,1.483218,0.071479,0.861947,-0.080467,-0.500572,0.064737,0.996711,-0.048750,0.502849,0.009615,0.864321),
			["Torso"] = CFrame.new(-0.038770,-0.011848,0.057057,0.861947,-0.080467,-0.500572,0.064737,0.996711,-0.048750,0.502849,0.009615,0.864321),
			["Right Leg"] = CFrame.new(0.631600,-1.995250,0.208281,0.996165,0.087392,-0.004279,-0.086849,0.993549,0.072925,0.010625,-0.072273,0.997329),
			["Left Arm"] = CFrame.new(-0.882737,0.610601,-0.923455,0.460523,-0.717207,-0.523003,-0.620782,0.160918,-0.767291,0.634467,0.678026,-0.371123),
		} },
		{ t = 2.400000, offsets = {
			["Left Leg"] = CFrame.new(-0.611599,-2.006478,-0.338339,0.997552,0.046903,-0.051880,-0.047084,0.998888,-0.002270,0.051716,0.004707,0.998651),
			["Right Arm"] = CFrame.new(0.776051,0.082053,-0.683860,0.472385,0.687118,-0.552016,0.318630,-0.717072,-0.619905,-0.821783,0.116946,-0.557671),
			["Head"] = CFrame.new(-0.057487,1.379918,-0.064349,0.987298,0.000167,-0.158881,0.013856,0.996099,0.087152,0.158276,-0.088246,0.983444),
			["Torso"] = CFrame.new(-0.057737,-0.114230,0.068020,0.987298,0.000167,-0.158881,0.013856,0.996099,0.087152,0.158276,-0.088246,0.983444),
			["Right Leg"] = CFrame.new(0.669645,-2.063731,-0.297492,0.999936,-0.011190,-0.001472,0.011125,0.999200,-0.038432,0.001901,0.038414,0.999260),
			["Left Arm"] = CFrame.new(-0.498950,0.222353,-0.754284,0.418316,-0.664663,0.619060,-0.038742,-0.693994,-0.718938,0.907475,0.276759,-0.316059),
		} },
		{ t = 2.500000, offsets = {
			["Left Leg"] = CFrame.new(-0.772571,-2.075750,-0.237571,0.898137,-0.009392,0.439616,0.035368,0.998076,-0.050935,-0.438291,0.061295,0.896741),
			["Right Arm"] = CFrame.new(0.560309,-0.252796,-0.782972,0.395194,0.843973,0.362674,0.742560,-0.061087,-0.666988,-0.540764,0.532897,-0.650842),
			["Head"] = CFrame.new(0.000159,1.248461,-0.337813,0.994899,0.086797,0.051401,-0.097773,0.955121,0.279614,-0.024824,-0.283214,0.958736),
			["Torso"] = CFrame.new(-0.130037,-0.184221,0.087007,0.994899,0.086797,0.051401,-0.097773,0.955121,0.279614,-0.024824,-0.283214,0.958736),
			["Right Leg"] = CFrame.new(0.600728,-2.101092,-0.221015,0.930680,-0.182210,0.317229,0.206528,0.977429,-0.044492,-0.301961,0.106924,0.947305),
			["Left Arm"] = CFrame.new(-0.597214,0.046165,-0.788944,0.404845,-0.905691,-0.125797,-0.403729,-0.053612,-0.913307,0.820429,0.420536,-0.387358),
		} },
		{ t = 2.599000, offsets = {
			["Left Leg"] = CFrame.new(-0.839538,-2.056202,-0.279980,0.908540,-0.041589,0.415724,-0.001184,0.994773,0.102104,-0.417797,-0.093257,0.903742),
			["Right Arm"] = CFrame.new(-0.079756,-0.121633,-0.948307,0.053317,0.849750,0.524483,0.593206,0.395557,-0.701171,-0.803283,0.348511,-0.482987),
			["Head"] = CFrame.new(0.056699,1.229653,0.159225,0.937584,0.130770,0.322236,-0.106928,0.990122,-0.090690,-0.330912,0.050573,0.942306),
			["Torso"] = CFrame.new(-0.139455,-0.255530,0.083365,0.937584,0.130770,0.322236,-0.106928,0.990122,-0.090690,-0.330912,0.050573,0.942306),
			["Right Leg"] = CFrame.new(0.750585,-2.052901,-0.457707,0.690394,-0.388961,0.609972,0.407603,0.905734,0.116217,-0.597676,0.168391,0.783855),
			["Left Arm"] = CFrame.new(-0.528660,-0.163611,-0.475437,-0.016251,-0.713941,-0.700018,-0.631671,0.550034,-0.546310,0.775066,0.433303,-0.459914),
		} },
		{ t = 2.700000, offsets = {
			["Left Leg"] = CFrame.new(-0.849874,-2.028083,-0.363129,0.891018,-0.007306,0.453910,0.007237,0.999972,0.001889,-0.453911,0.001602,0.891046),
			["Right Arm"] = CFrame.new(-0.138372,-0.080620,-0.952408,0.029284,0.868329,0.495124,0.628776,0.369057,-0.684425,-0.777035,0.331365,-0.535177),
			["Head"] = CFrame.new(0.079047,1.224498,0.215865,0.922062,0.146216,0.358362,-0.102720,0.985140,-0.137652,-0.373164,0.090112,0.923379),
			["Torso"] = CFrame.new(-0.140277,-0.253212,0.080696,0.922062,0.146216,0.358362,-0.102720,0.985140,-0.137652,-0.373164,0.090112,0.923379),
			["Right Leg"] = CFrame.new(0.817065,-2.033557,-0.576122,0.636281,-0.427254,0.642340,0.504226,0.860491,0.072889,-0.583869,0.277507,0.762946),
			["Left Arm"] = CFrame.new(-0.520487,-0.154365,-0.478115,0.006096,-0.688466,-0.725243,-0.666342,0.537981,-0.516300,0.745622,0.486407,-0.455474),
		} },
		{ t = 2.799000, offsets = {
			["Left Leg"] = CFrame.new(-0.776078,-2.103382,-0.381997,0.999504,0.013912,0.028251,-0.014217,0.999843,0.010631,-0.028098,-0.011027,0.999545),
			["Right Arm"] = CFrame.new(1.017473,-0.036516,-0.891223,0.652892,0.757451,-0.000950,-0.226881,0.194366,-0.954331,-0.722674,0.623290,0.298751),
			["Head"] = CFrame.new(0.013201,1.238163,0.128079,0.988755,0.102319,0.109066,-0.098169,0.994250,-0.042776,-0.112815,0.031588,0.993114),
			["Torso"] = CFrame.new(-0.140277,-0.253212,0.080696,0.988755,0.102319,0.109066,-0.098169,0.994250,-0.042776,-0.112815,0.031588,0.993114),
			["Right Leg"] = CFrame.new(0.646142,-2.038668,-0.217763,0.960891,-0.257735,0.101303,0.259971,0.965572,-0.009299,-0.095418,0.035272,0.994812),
			["Left Arm"] = CFrame.new(-1.064733,0.019030,-0.474393,0.692601,-0.646456,-0.319998,0.040451,0.477739,-0.877570,0.720186,0.594862,0.357032),
		} },
		{ t = 2.900000, offsets = {
			["Left Leg"] = CFrame.new(-0.679092,-2.098797,-0.470736,0.996512,0.080816,0.020818,-0.078414,0.992105,-0.097875,-0.028563,0.095901,0.994981),
			["Right Arm"] = CFrame.new(1.372838,-0.114768,-0.199967,0.971588,-0.215669,0.097489,0.234973,0.829582,-0.506539,0.028370,0.515055,0.856688),
			["Head"] = CFrame.new(-0.125840,1.212081,-0.239786,0.989253,0.009625,-0.145898,0.021873,0.976862,0.212750,0.144570,-0.213655,0.966153),
			["Torso"] = CFrame.new(-0.140277,-0.253212,0.080696,0.989253,0.009625,-0.145898,0.021873,0.976862,0.212750,0.144570,-0.213655,0.966153),
			["Right Leg"] = CFrame.new(0.798029,-2.096034,-0.247497,0.962724,-0.207401,-0.173630,0.205998,0.978200,-0.026267,0.175294,-0.010480,0.984461),
			["Left Arm"] = CFrame.new(-1.385181,-0.063300,-0.769632,0.789822,-0.175326,-0.587744,-0.298638,0.727076,-0.618205,0.535722,0.663794,0.521901),
		} },
		{ t = 3.000000, offsets = {
			["Left Leg"] = CFrame.new(-0.727978,-2.036973,-0.675462,0.991954,0.125047,-0.019787,-0.126602,0.980483,-0.150416,0.000592,0.151710,0.988425),
			["Right Arm"] = CFrame.new(1.292731,0.007886,0.703707,0.759833,-0.443012,-0.475811,0.437136,0.889882,-0.130468,0.481214,-0.108860,0.869818),
			["Head"] = CFrame.new(-0.234722,1.243306,0.119620,0.904870,-0.062963,-0.421007,0.046099,0.997678,-0.050125,0.423186,0.025949,0.905671),
			["Torso"] = CFrame.new(-0.140277,-0.253212,0.080697,0.904870,-0.062963,-0.421007,0.046099,0.997678,-0.050125,0.423186,0.025949,0.905671),
			["Right Leg"] = CFrame.new(0.659156,-2.063707,-0.334419,0.795449,0.047960,-0.604120,-0.030769,0.998774,0.038776,0.605239,-0.012256,0.795949),
			["Left Arm"] = CFrame.new(-1.580769,-0.222657,-0.568155,0.978991,0.134696,-0.153083,-0.182850,0.912175,-0.366747,0.090239,0.387033,0.917640),
		} },
		{ t = 3.099000, offsets = {
			["Left Leg"] = CFrame.new(-0.704302,-2.042141,-0.642095,0.993648,0.112221,-0.008405,-0.112442,0.987019,-0.114676,-0.004573,0.114893,0.993368),
			["Right Arm"] = CFrame.new(1.334422,-0.012342,0.568356,0.819260,-0.478487,-0.316014,0.389308,0.868748,-0.306130,0.421016,0.127773,0.898009),
			["Head"] = CFrame.new(-0.255198,1.231463,0.164693,0.904870,-0.077051,-0.418658,0.046099,0.995435,-0.083567,0.423186,0.056318,0.904291),
			["Torso"] = CFrame.new(-0.139621,-0.261689,0.080217,0.904870,-0.077051,-0.418658,0.046099,0.995435,-0.083567,0.423186,0.056318,0.904291),
			["Right Leg"] = CFrame.new(0.652219,-2.067684,-0.278765,0.796870,0.033777,-0.603205,-0.037807,0.999267,0.006010,0.602967,0.018016,0.797563),
			["Left Arm"] = CFrame.new(-1.455080,-0.248964,-0.732379,0.980847,-0.129694,-0.145322,0.004225,0.760076,-0.649821,0.194734,0.636760,0.746066),
		} },
		{ t = 3.200000, offsets = {
			["Left Leg"] = CFrame.new(-0.664071,-1.902962,-0.252411,0.991277,0.080325,-0.104490,-0.074460,0.995484,0.058875,0.108748,-0.050581,0.992782),
			["Right Arm"] = CFrame.new(0.866396,0.188806,-0.338096,0.751651,0.469431,0.463309,0.233519,0.467541,-0.852569,-0.616839,0.749026,0.241807),
			["Head"] = CFrame.new(-0.185238,1.351613,0.153732,0.940292,-0.023663,-0.339547,0.007121,0.998730,-0.049881,0.340296,0.044484,0.939266),
			["Torso"] = CFrame.new(-0.149744,-0.146482,0.087005,0.940292,-0.023663,-0.339547,0.007121,0.998730,-0.049881,0.340296,0.044484,0.939266),
			["Right Leg"] = CFrame.new(0.559900,-2.021437,-0.281521,0.937171,-0.003824,-0.348850,-0.017939,0.998089,-0.059134,0.348409,0.061677,0.935311),
			["Left Arm"] = CFrame.new(-0.672809,0.395339,-0.827726,0.217702,-0.975996,-0.006203,-0.290932,-0.058825,-0.954934,0.931646,0.209696,-0.296755),
		} },
		{ t = 3.299000, offsets = {
